<HTML>
<TITLE>University of Wyoming - Radiosonde Data</TITLE>
<BODY BGCOLOR="white">
<H2>11520  Praha-Libus Observations at 00Z 01 Jan 2021</H2>
<PRE>
-----------------------------------------------------------------------------
   PRES   HGHT   TEMP   DWPT   RELH   MIXR   DRCT   SKNT   THTA   THTE   THTV
    hPa     m      C      C      %    g/kg    deg   knot     K      K      K 
-----------------------------------------------------------------------------
 1000.0     61                                                               
  970.0    304   -1.9   -4.1     85   2.92    135      4  273.6  281.8  274.1
  966.0    337   -0.1   -3.6     77   3.05    155      5  275.8  284.3  276.3
  955.0    430   -0.2   -3.7     78   3.07    210     10  276.5  285.2  277.1
  949.0    481   -0.3   -3.7     78   3.08    209     12  277.0  285.7  277.5
  932.0    627    1.4   -4.9     63   2.86    205     19  280.1  288.4  280.6
  928.0    662    1.8   -5.2     60   2.81    208     18  280.9  289.0  281.4
  925.0    688    1.6   -5.4     60   2.78    210     17  280.9  289.0  281.4
  923.0    705    1.6   -5.4     60   2.78    212     17  281.1  289.2  281.6
  903.0    881    0.6   -7.5     55   2.42    230     10  281.8  288.9  282.2
  863.0   1243   -1.6  -11.8     45   1.80    195      6  283.2  288.6  283.6
  850.0   1364   -2.3  -13.3     43   1.62    220      6  283.7  288.6  284.0
  823.0   1620   -3.5  -19.5     28   1.00    216      9  285.1  288.2  285.3
  819.0   1658   -3.5  -16.5     36   1.29    216      9  285.5  289.5  285.7
  814.0   1706   -3.9   -6.1     85   2.99    215     10  285.6  294.3  286.1
  777.0   2072   -6.5   -8.0     89   2.71    220     12  286.6  294.6  287.1
  754.0   2306   -7.7  -12.7     67   1.92    223     14  287.8  293.6  288.1
  738.0   2473   -8.7  -12.6     73   1.98    225     15  288.4  294.4  288.8
  701.0   2869  -12.0  -13.2     91   1.99    230     17  289.0  295.1  289.4
  700.0   2880  -12.1  -13.2     92   1.99    230     17  289.1  295.1  289.4
  692.0   2968  -12.7  -13.3     95   1.99    226     17  289.3  295.4  289.7
  668.0   3231  -14.6  -16.1     88   1.64    215     17  290.1  295.2  290.4
  642.0   3527  -16.7  -19.2     81   1.31    230     21  291.0  295.1  291.2
  574.0   4362  -22.8  -28.1     62   0.67    235     19  293.4  295.6  293.5
  558.0   4572  -24.3  -30.3     58   0.55    247     18  294.0  295.9  294.1
  540.0   4808  -26.4  -31.9     60   0.49    260     16  294.2  295.9  294.3
  529.0   4955  -27.8  -32.9     62   0.46    255     16  294.3  295.9  294.4
  500.0   5360  -31.5  -35.6     67   0.37    250     17  294.6  295.9  294.6
  496.0   5417  -32.0  -35.9     68   0.36    245     17  294.7  295.9  294.8
  488.0   5532  -32.9  -36.5     70   0.35    248     18  294.9  296.1  295.0
  470.0   5794  -35.1  -39.2     66   0.27    255     19  295.4  296.4  295.4
  459.0   5959  -36.4  -41.0     63   0.23    245     19  295.7  296.5  295.8
  449.0   6113  -37.7  -42.6     60   0.20    246     20  296.0  296.7  296.0
  446.0   6159  -38.1  -44.1     53   0.17    246     20  296.0  296.7  296.1
  415.0   6651  -41.9  -45.7     66   0.15    249     21  297.3  297.9  297.3
  403.0   6850  -43.3  -48.0     60   0.12    250     21  297.9  298.4  298.0
  400.0   6900  -43.7  -48.6     58   0.12    250     21  298.1  298.6  298.1
  395.0   6984  -44.3  -51.3     46   0.09    244     20  298.4  298.7  298.4
  389.0   7087  -45.1  -48.8     66   0.12    236     18  298.7  299.1  298.7
  388.0   7104  -45.2  -49.3     64   0.11    235     17  298.7  299.1  298.7
  382.0   7207  -46.1  -52.1     51   0.08    235     17  298.9  299.2  298.9
  375.0   7330  -47.1  -50.4     69   0.10    234     17  299.2  299.5  299.2
  371.0   7401  -47.7  -54.7     44   0.06    234     17  299.3  299.5  299.3
  361.0   7580  -49.3  -52.0     73   0.09    233     17  299.5  299.8  299.5
  322.0   8320  -54.9  -57.1     76   0.05    230     17  301.7  301.9  301.7
  320.0   8359  -55.1  -57.8     72   0.05    230     17  302.0  302.1  302.0
  316.0   8440  -55.5  -59.1     64   0.04    228     19  302.5  302.6  302.5
  310.0   8562  -55.5  -65.5     28   0.02    225     20  304.1  304.2  304.1
  300.0   8770  -56.3  -65.3     31   0.02    220     23  305.9  306.0  305.9
  299.0   8791  -56.3  -65.3     31   0.02    220     23  306.2  306.3  306.2
  275.0   9324  -55.5  -70.1     15   0.01    205     21  314.8  314.9  314.8
  266.0   9535  -55.1  -72.0     11   0.01    220     23  318.3  318.3  318.3
  250.0   9930  -54.5  -75.5      6   0.01    205     21  324.9  324.9  324.9
  249.0   9956  -54.5  -75.6      6   0.01    205     23  325.3  325.3  325.3
  233.0  10381  -54.3  -76.7      5   0.00    235     27  331.8  331.8  331.8
  220.0  10749  -54.2  -77.6      4   0.00    255     23  337.5  337.5  337.5
  214.0  10927  -54.1  -78.1      4   0.00    248     22  340.3  340.3  340.3
  204.0  11233  -54.5  -79.2      3   0.00    235     19  344.3  344.3  344.3
  200.0  11360  -54.7  -79.7      3   0.00    235     21  346.0  346.0  346.0
  193.0  11587  -55.0  -80.2      3   0.00    230     31  349.1  349.1  349.1
  187.0  11788  -55.2  -80.6      3   0.00    245     35  351.9  352.0  351.9
  179.0  12066  -55.5  -81.2      3   0.00    255     31  355.9  355.9  355.9
  169.0  12431  -55.9  -82.0      2   0.00    240     35  361.1  361.1  361.1
  160.0  12779  -56.2  -82.8      2   0.00    260     33  366.1  366.2  366.1
  150.0  13190  -56.7  -83.7      2   0.00    245     39  372.2  372.2  372.2
  122.0  14505  -57.6  -84.6      2   0.00    255     45  393.1  393.2  393.1
  100.0  15770  -58.5  -85.5      2   0.00    260     35  414.4  414.4  414.4
</PRE><H3>Station information and sounding indices</H3><PRE>
                             Station number: 11520
                           Observation time: 210101/0000
                           Station latitude: 50.01
                          Station longitude: 14.45
                          Station elevation: 304.0
                            Showalter index: 5.75
                               Lifted index: 7.13
    LIFT computed using virtual temperature: 7.14
                                SWEAT index: 29.14
                                    K index: 14.80
                         Cross totals index: 18.20
                      Vertical totals index: 29.20
                        Totals totals index: 47.40
      Convective Available Potential Energy: 0.00
             CAPE using virtual temperature: 0.00
                      Convective Inhibition: 0.00
             CINS using virtual temperature: 0.00
                     Bulk Richardson Number: 0.00
          Bulk Richardson Number using CAPV: 0.00
  Temp [K] of the Lifted Condensation Level: 267.54
Pres [hPa] of the Lifted Condensation Level: 868.97
   Equivalent potential temp [K] of the LCL: 286.80
     Mean mixed layer potential temperature: 278.52
              Mean mixed layer mixing ratio: 2.92
              1000 hPa to 500 hPa thickness: 5299.00
Precipitable water [mm] for entire sounding: 8.62
</PRE>
<H2>11520  Praha-Libus Observations at 06Z 01 Jan 2021</H2>
<PRE>
-----------------------------------------------------------------------------
   PRES   HGHT   TEMP   DWPT   RELH   MIXR   DRCT   SKNT   THTA   THTE   THTV
    hPa     m      C      C      %    g/kg    deg   knot     K      K      K 
-----------------------------------------------------------------------------
 1000.0     63                                                               
  970.0    304   -1.3   -3.3     86   3.10    165      8  274.2  282.9  274.7
  965.0    346   -1.3   -3.2     87   3.14    176      9  274.6  283.4  275.1
  959.0    396   -0.5   -4.0     77   2.98    190     10  275.9  284.3  276.4
  943.0    533    1.7   -6.1     56   2.58    185     10  279.5  286.9  279.9
  935.0    602    2.8   -7.2     48   2.39    189      8  281.3  288.3  281.7
  925.0    690    2.2   -6.8     51   2.49    195      6  281.6  288.8  282.0
  850.0   1367   -2.7   -7.4     70   2.59    240     14  283.3  290.9  283.8
  826.0   1593   -4.5   -6.4     87   2.89    255     19  283.7  292.2  284.2
  813.0   1718   -5.5   -5.8     98   3.06    249     19  284.0  292.9  284.5
  802.0   1825   -5.9   -9.5     76   2.33    244     19  284.6  291.6  285.0
  781.0   2031   -7.2   -9.5     84   2.39    235     19  285.4  292.5  285.8
  754.0   2305   -8.9   -9.5     96   2.48    250     19  286.4  293.8  286.9
  745.0   2399   -9.5   -9.5    100   2.51    249     19  286.8  294.3  287.2
  709.0   2780  -11.1  -14.4     77   1.78    246     18  289.1  294.6  289.4
  700.0   2878  -11.9  -15.3     76   1.67    245     17  289.3  294.4  289.6
  647.0   3469  -16.7  -18.6     85   1.37    220     19  290.4  294.7  290.6
  587.0   4199  -22.7  -22.7    100   1.06    228     24  291.6  295.0  291.8
  576.0   4337  -23.4  -27.2     71   0.72    230     25  292.3  294.7  292.5
  553.0   4635  -25.1  -36.8     33   0.30    250     25  293.9  294.9  293.9
  544.0   4755  -25.7  -40.7     23   0.20    248     25  294.5  295.2  294.5
  536.0   4862  -26.5  -39.5     28   0.23    245     25  294.8  295.6  294.8
  500.0   5360  -30.9  -38.9     45   0.26    235     25  295.3  296.2  295.4
  497.0   5402  -31.3  -39.1     46   0.26    235     25  295.4  296.3  295.4
  410.0   6734  -42.9  -45.2     78   0.17    257     25  297.1  297.6  297.1
  409.0   6750  -42.9  -45.3     77   0.16    257     25  297.3  297.9  297.3
  400.0   6900  -43.9  -49.9     51   0.10    260     25  297.9  298.2  297.9
  397.0   6950  -44.3  -52.3     41   0.08    260     27  298.0  298.3  298.0
  388.0   7103  -45.6  -52.8     44   0.07    255     25  298.2  298.5  298.2
  374.0   7347  -47.7  -53.7     50   0.07    257     28  298.6  298.9  298.6
  345.0   7874  -51.7  -60.7     33   0.03    262     34  300.1  300.3  300.1
  307.0   8623  -55.1  -67.1     21   0.01    269     43  305.6  305.6  305.6
  300.0   8770  -55.9  -64.9     31   0.02    270     45  306.4  306.5  306.4
  296.0   8855  -56.4  -64.9     33   0.02    270     45  306.9  307.0  306.9
  282.0   9160  -58.1  -65.1     40   0.02    270     38  308.8  308.8  308.8
  275.0   9318  -58.5  -64.5     46   0.02    270     35  310.4  310.5  310.4
  273.0   9364  -58.4  -67.6     30   0.02    270     33  311.2  311.2  311.2
  270.0   9433  -58.3  -72.3     15   0.01    267     32  312.3  312.4  312.3
  250.0   9920  -54.7  -71.7     10   0.01    245     23  324.6  324.7  324.6
  248.0   9972  -54.6  -72.1     10   0.01    240     23  325.5  325.6  325.5
  238.0  10236  -54.1  -74.1      7   0.01    247     19  330.1  330.1  330.1
  233.0  10372  -54.4  -74.8      6   0.01    250     17  331.7  331.7  331.7
  229.0  10483  -54.6  -75.3      6   0.01    245     12  333.0  333.0  333.0
  214.0  10917  -55.6  -77.4      5   0.00    235     21  338.0  338.0  338.0
  200.0  11350  -56.5  -79.5      4   0.00    250     31  343.1  343.1  343.1
  199.0  11382  -56.5  -79.5      4   0.00    253     32  343.6  343.6  343.6
  197.0  11446  -56.1  -79.6      4   0.00    260     33  345.2  345.2  345.2
  183.0  11918  -53.5  -80.7      2   0.00    235     29  356.8  356.9  356.8
  180.0  12023  -52.9  -80.9      2   0.00    241     30  359.5  359.5  359.5
  175.0  12204  -53.4  -81.2      2   0.00    250     31  361.6  361.6  361.6
  165.0  12580  -54.4  -81.9      2   0.00    240     27  366.0  366.0  366.0
  155.0  12981  -55.5  -82.7      2   0.00    265     35  370.7  370.7  370.7
  152.0  13106  -55.9  -82.9      2   0.00    265     35  372.1  372.2  372.1
  150.0  13190  -55.3  -83.3      2   0.00    265     35  374.6  374.6  374.6
  141.0  13586  -53.5  -82.5      2   0.00    245     39  384.4  384.4  384.4
  133.0  13957  -55.0  -83.3      2   0.00    260     37  388.3  388.3  388.3
  119.0  14664  -57.7  -84.7      2   0.00    255     33  395.8  395.8  395.8
  117.0  14771  -57.7  -84.7      2   0.00    255     35  397.7  397.7  397.7
  109.0  15217  -57.7  -84.7      2   0.00    270     35  405.9  405.9  405.9
  100.0  15760  -57.7  -84.7      2   0.00    260     43  416.0  416.0  416.0
   95.0  16081  -58.3  -85.0      2   0.00    255     39  420.9  420.9  420.9
   70.0  17990  -62.1  -87.1      2   0.00    265     43  451.2  451.2  451.2
   52.3  19775  -64.3  -88.3      2   0.00    278     61  485.3  485.3  485.3
   50.0  20050  -62.7  -88.7      2   0.00    280     64  495.3  495.3  495.3
   41.5  21198  -61.7  -87.7      2   0.00    282     68  524.9  524.9  524.9
   33.0  22612  -62.1  -88.1      2   0.01    285     72  559.3  559.3  559.3
   30.0  23200  -62.3  -88.3      2   0.01    280     82  574.2  574.3  574.2
   28.0  23625  -62.9  -88.6      2   0.01    275     91  583.9  583.9  583.9
   27.0  23849  -63.3  -88.8      2   0.01    275     85  589.0  589.1  589.0
   24.2  24523  -64.3  -89.3      2   0.01    277     92  604.8  604.8  604.8
   20.0  25700  -60.9  -87.9      2   0.01    280    103  649.0  649.1  649.0
   17.0  26727  -59.0  -86.8      2   0.01    280    115  685.9  686.0  685.9
   15.0  27517  -57.6  -86.0      2   0.02    275    103  715.6  715.8  715.6
   12.0  28926  -55.0  -84.5      1   0.03    270    120  771.8  772.1  771.8
   11.0  29476  -54.0  -83.9      1   0.03    275    113  794.9  795.3  794.9
   10.7  29651  -53.7  -83.7      1   0.03    274    117  802.4  802.8  802.4
   10.1  30025  -49.5  -82.5      1   0.04    271    127  831.3  831.9  831.3
   10.0  30090  -49.3  -82.3      1   0.05    270    128  834.4  835.0  834.5
    9.0  30786  -46.8  -81.2      1   0.06    265    126  869.6  870.4  869.6
    8.6  31086  -45.7  -80.7      1   0.07    269    130  885.2  886.1  885.2
    8.3  31322  -46.3  -80.3      1   0.08    272    133  891.8  892.9  891.9
    8.0  31572  -44.4  -79.5      1   0.09    275    136  908.9  910.1  909.0
    7.0  32479  -37.4  -76.5      1   0.16    280    142  973.0  975.4  973.1
    6.8  32676  -35.9  -75.9      1   0.19    280    137  987.4  990.1  987.5
    6.1  33445  -26.9  -71.9      1   0.38    280    119 1057.2 1062.9 1057.4
    6.0                                       280    117                     
</PRE><H3>Station information and sounding indices</H3><PRE>
                             Station number: 11520
                           Observation time: 210101/0600
                           Station latitude: 50.01
                          Station longitude: 14.45
                          Station elevation: 304.0
                            Showalter index: 4.64
                               Lifted index: 7.79
    LIFT computed using virtual temperature: 7.79
                                SWEAT index: 106.45
                                    K index: 17.40
                         Cross totals index: 23.50
                      Vertical totals index: 28.20
                        Totals totals index: 51.70
      Convective Available Potential Energy: 0.00
             CAPE using virtual temperature: 0.00
                      Convective Inhibition: 0.00
             CINS using virtual temperature: 0.00
                     Bulk Richardson Number: 0.00
          Bulk Richardson Number using CAPV: 0.00
  Temp [K] of the Lifted Condensation Level: 266.04
Pres [hPa] of the Lifted Condensation Level: 846.01
   Equivalent potential temp [K] of the LCL: 286.72
     Mean mixed layer potential temperature: 279.09
              Mean mixed layer mixing ratio: 2.68
              1000 hPa to 500 hPa thickness: 5297.00
Precipitable water [mm] for entire sounding: 9.11
</PRE>
<H2>11520  Praha-Libus Observations at 12Z 01 Jan 2021</H2>
<PRE>
-----------------------------------------------------------------------------
   PRES   HGHT   TEMP   DWPT   RELH   MIXR   DRCT   SKNT   THTA   THTE   THTV
    hPa     m      C      C      %    g/kg    deg   knot     K      K      K 
-----------------------------------------------------------------------------
 1000.0     75                                                               
  972.0    304    1.2   -1.9     80   3.44    220      2  276.6  286.2  277.2
  952.0    471   -0.1   -4.2     74   2.95    226      4  276.9  285.3  277.4
  929.0    667    2.2   -6.8     51   2.48    234      5  281.2  288.4  281.6
  925.0    702    2.0   -7.0     51   2.46    235      6  281.4  288.5  281.8
  862.0   1267   -1.8   -6.8     69   2.69    215     10  283.2  291.0  283.6
  850.0   1379   -2.5   -6.7     73   2.74    200     14  283.5  291.5  284.0
  845.0   1425   -2.8   -6.7     75   2.74    200     16  283.6  291.7  284.1
  814.0   1720   -5.0   -7.0     86   2.79    230     19  284.4  292.5  284.8
  783.0   2025   -7.3   -7.3    100   2.83    241     25  285.1  293.4  285.6
  756.0   2296   -8.7   -9.2     97   2.54    250     29  286.4  293.9  286.9
  700.0   2891  -11.9  -13.3     89   1.97    245     29  289.3  295.3  289.6
  687.0   3035  -12.7  -13.9     91   1.91    244     29  289.9  295.8  290.3
  677.0   3147  -13.5  -14.3     94   1.88    243     29  290.3  296.0  290.6
  671.0   3214  -13.9  -17.8     72   1.41    243     29  290.6  295.0  290.8
  607.0   3967  -20.5  -20.5    100   1.24    238     29  291.4  295.3  291.6
  570.0   4431  -22.7  -25.8     76   0.82    235     29  294.1  296.8  294.2
  564.0   4509  -23.1  -26.7     72   0.77    237     30  294.5  297.0  294.6
  514.0   5182  -29.1  -30.0     92   0.62    251     35  295.2  297.2  295.3
  500.0   5380  -29.5  -33.6     68   0.45    255     37  297.0  298.6  297.1
  497.0   5423  -29.8  -34.0     66   0.43    255     37  297.2  298.6  297.2
  496.0   5437  -29.9  -34.2     66   0.43    255     37  297.2  298.7  297.3
  473.0   5771  -32.5  -37.5     61   0.32    254     39  298.1  299.2  298.1
  420.0   6591  -39.9  -46.9     47   0.13    251     44  298.9  299.4  298.9
  400.0   6920  -42.7  -48.7     52   0.11    250     47  299.4  299.9  299.4
  397.0   6969  -43.1  -49.0     52   0.11    250     47  299.5  299.9  299.5
  324.0   8302  -55.1  -57.4     75   0.05    265     41  300.9  301.1  300.9
  323.0   8322  -55.2  -57.6     74   0.05    265     41  301.0  301.2  301.0
  304.0   8706  -57.3  -62.3     53   0.03    261     31  303.3  303.4  303.3
  300.0   8790  -57.3  -63.3     46   0.03    260     29  304.5  304.6  304.5
  292.0   8961  -58.3  -65.3     40   0.02    254     31  305.4  305.5  305.4
  280.0   9224  -59.8  -64.0     58   0.03    245     33  307.0  307.1  307.0
  271.0   9428  -60.9  -62.9     77   0.03    247     32  308.2  308.3  308.2
  257.0   9758  -62.1  -64.6     72   0.03    250     31  311.1  311.3  311.2
  252.0   9880  -59.5  -68.1     32   0.02    255     31  316.7  316.8  316.7
  250.0   9930  -58.5  -69.5     23   0.01    250     29  319.0  319.0  319.0
  243.0  10110  -57.5  -71.6     15   0.01    225     31  323.1  323.2  323.1
  228.0  10514  -55.1  -76.2      6   0.01    260     29  332.7  332.7  332.7
  222.0  10684  -54.1  -78.1      4   0.00    256     29  336.7  336.8  336.7
  200.0  11350  -55.7  -79.7      3   0.00    240     27  344.4  344.4  344.4
  196.0  11480  -55.1  -80.0      3   0.00    235     25  347.4  347.4  347.4
  193.0  11579  -54.6  -80.2      3   0.00    225     25  349.6  349.6  349.6
  185.0  11851  -53.4  -80.7      2   0.00    245     27  355.9  355.9  355.9
  182.0  11956  -52.9  -80.9      2   0.00    245     28  358.4  358.4  358.4
  169.0  12433  -53.7  -81.7      2   0.00    245     29  364.8  364.8  364.8
  163.0  12665  -54.0  -82.0      2   0.00    265     27  367.9  367.9  367.9
  151.0  13157  -54.8  -82.8      2   0.00    245     33  374.7  374.7  374.7
  150.0  13200  -54.9  -82.9      2   0.00    245     33  375.3  375.3  375.3
  132.0  14011  -56.3  -83.6      2   0.00    235     39  386.8  386.8  386.8
  116.0  14830  -57.7  -84.4      2   0.00    260     41  398.7  398.7  398.7
  102.0  15646  -59.1  -85.1      2   0.00    260     42  410.9  410.9  410.9
  100.0  15770  -58.7  -84.7      2   0.00    260     43  414.0  414.1  414.0
   73.0  17729  -60.6  -86.6      2   0.00    270     43  448.9  448.9  448.9
   70.0  17990  -60.9  -86.9      2   0.00    270     49  453.8  453.8  453.8
   67.0  18262  -61.0  -87.0      2   0.00    270     58  459.3  459.3  459.3
   59.0  19052  -61.2  -87.2      2   0.00    270     49  475.8  475.8  475.8
   50.0  20080  -61.5  -87.5      2   0.00    280     62  498.1  498.2  498.1
   46.6  20516  -62.3  -88.3      2   0.00    282     65  506.3  506.4  506.3
   41.0  21311  -61.8  -88.2      2   0.00    285     70  526.4  526.4  526.4
   36.0  22118  -61.3  -88.0      2   0.00    275     62  547.6  547.6  547.6
   33.0  22658  -61.0  -87.9      2   0.01    270     78  562.3  562.3  562.3
   32.2  22811  -60.9  -87.9      2   0.01    271     77  566.5  566.5  566.5
   30.0  23250  -62.1  -88.1      2   0.01    275     76  574.8  574.8  574.8
   27.0  23897  -63.5  -89.0      2   0.01    275     80  588.3  588.3  588.3
   26.0  24129  -64.1  -89.2      2   0.01    280     80  593.2  593.2  593.2
   25.2  24321  -64.5  -89.5      2   0.01    278     88  597.3  597.3  597.3
   24.0  24622  -63.2  -89.1      2   0.01    275    101  609.3  609.3  609.3
   22.0  25158  -61.0  -88.5      2   0.01    280     91  631.3  631.3  631.3
   21.4  25329  -60.3  -88.3      1   0.01    279     92  638.4  638.5  638.4
   20.0  25750  -60.7  -87.7      2   0.01    275     95  649.6  649.7  649.6
   18.3  26299  -62.5  -88.5      2   0.01    275     95  660.7  660.8  660.7
   17.0  26753  -62.3  -88.6      2   0.01    275     95  675.5  675.5  675.5
   14.9  27565  -61.9  -88.9      2   0.01    277    106  702.7  702.8  702.7
   12.0  28931  -53.6  -84.9      1   0.02    280    124  776.9  777.1  776.9
   11.6  29145  -52.3  -84.3      1   0.03    280    123  789.1  789.4  789.1
   10.5  29786  -53.3  -84.3      1   0.03    280    119  808.2  808.5  808.2
   10.0  30100  -52.3  -84.3      1   0.03    280    117  823.2  823.6  823.3
    9.3  30571  -51.2  -83.2      1   0.04    280    136  844.6  845.1  844.6
    9.1  30712  -50.9  -82.9      1   0.05    280    136  851.1  851.7  851.1
    9.0  30785  -50.4  -82.7      1   0.05    280    136  855.8  856.4  855.8
    7.2  32274  -39.7  -77.7      1   0.13    293    112  955.8  957.7  955.9
    7.0  32473  -37.0  -76.6      1   0.16    295    109  974.5  976.8  974.6
    6.1  33445  -24.1  -71.1      0   0.43    291    116 1069.2 1075.7 1069.5
    6.0  33566  -23.8  -70.9      0   0.45    290    117 1075.8 1082.6 1076.0
    5.3  34476  -21.1  -69.1      0   0.65    283    103 1126.4 1136.8 1126.8
    5.0                                       280     97                     
</PRE><H3>Station information and sounding indices</H3><PRE>
                             Station number: 11520
                           Observation time: 210101/1200
                           Station latitude: 50.01
                          Station longitude: 14.45
                          Station elevation: 304.0
                            Showalter index: 5.58
                               Lifted index: 9.05
    LIFT computed using virtual temperature: 9.08
                                SWEAT index: 80.10
                                    K index: 18.90
                         Cross totals index: 22.80
                      Vertical totals index: 27.00
                        Totals totals index: 49.80
      Convective Available Potential Energy: 0.00
             CAPE using virtual temperature: 0.00
                      Convective Inhibition: 0.00
             CINS using virtual temperature: 0.00
                     Bulk Richardson Number: 0.00
          Bulk Richardson Number using CAPV: 0.00
  Temp [K] of the Lifted Condensation Level: 266.83
Pres [hPa] of the Lifted Condensation Level: 856.67
   Equivalent potential temp [K] of the LCL: 286.89
     Mean mixed layer potential temperature: 278.91
              Mean mixed layer mixing ratio: 2.82
              1000 hPa to 500 hPa thickness: 5305.00
Precipitable water [mm] for entire sounding: 9.95
</PRE>
<H2>11520  Praha-Libus Observations at 00Z 02 Jan 2021</H2>
<PRE>
-----------------------------------------------------------------------------
   PRES   HGHT   TEMP   DWPT   RELH   MIXR   DRCT   SKNT   THTA   THTE   THTV
    hPa     m      C      C      %    g/kg    deg   knot     K      K      K 
-----------------------------------------------------------------------------
 1000.0    109                                                               
  976.0    304   -2.3   -2.9     96   3.18      0      0  272.7  281.5  273.3
  951.0    509   -3.7   -3.7    100   3.07     17      2  273.4  281.9  273.9
  948.0    534   -2.3   -2.4     99   3.40     19      2  275.0  284.5  275.6
  933.0    660   -2.1   -3.3     91   3.23     29      3  276.5  285.5  277.0
  925.0    728   -1.9   -4.0     86   3.09     35      4  277.4  286.1  277.9
  903.0    920   -1.9   -2.9     93   3.43     76      5  279.3  289.0  279.9
  851.0   1392   -1.5  -19.5     24   0.96    178      8  284.5  287.5  284.6
  850.0   1401   -1.5  -19.5     24   0.97    180      8  284.6  287.6  284.7
  844.0   1457   -1.3  -13.3     40   1.63    185      9  285.4  290.3  285.6
  836.0   1533   -1.9  -11.9     46   1.85    192     11  285.5  291.1  285.8
  833.0   1562   -2.0  -12.2     46   1.82    195     12  285.6  291.1  285.9
  779.0   2091   -4.9  -16.9     38   1.31    216     13  288.1  292.2  288.3
  758.0   2303   -6.5  -16.6     45   1.39    225     14  288.6  292.9  288.8
  728.0   2617   -8.9  -16.1     56   1.51    210     16  289.3  294.0  289.6
  700.0   2921  -11.3  -15.6     71   1.63    220     16  289.9  295.0  290.2
  658.0   3393  -14.7  -16.1     89   1.66    235     23  291.3  296.4  291.6
  646.0   3533  -15.7  -16.3     95   1.67    236     25  291.7  296.9  292.0
  594.0   4163  -19.1  -24.1     65   0.92    242     31  294.8  297.8  295.0
  563.0   4554  -22.4  -26.2     71   0.80    245     35  295.5  298.2  295.7
  504.0   5363  -29.1  -30.6     87   0.60    240     35  296.8  298.8  296.9
  500.0   5420  -29.5  -31.6     82   0.55    240     35  297.0  298.9  297.1
  425.0   6550  -39.1  -43.2     65   0.20    244     38  298.9  299.6  298.9
  423.0   6583  -39.5  -48.5     38   0.11    244     38  298.8  299.2  298.8
  400.0   6960  -43.1  -50.1     46   0.10    245     39  298.9  299.3  298.9
  373.0   7428  -47.5  -51.4     64   0.09    243     41  299.1  299.4  299.1
  342.0   7996  -52.9  -57.0     61   0.05    240     44  299.3  299.5  299.3
  337.0   8091  -53.6  -59.8     47   0.04    240     45  299.6  299.7  299.6
  335.0   8129  -53.9  -60.9     42   0.03    240     44  299.7  299.8  299.7
  314.0   8543  -57.7  -60.8     68   0.03    237     42  300.0  300.1  300.0
  300.0   8830  -59.5  -64.2     54   0.02    235     41  301.4  301.5  301.4
  296.0   8914  -60.1  -66.1     45   0.02    234     40  301.7  301.8  301.7
  285.0   9148  -60.7  -66.7     45   0.02    230     39  304.1  304.2  304.1
  266.0   9575  -61.7  -67.7     45   0.02    240     35  308.7  308.8  308.7
  250.0   9960  -58.9  -73.9     13   0.01    255     31  318.4  318.4  318.4
  249.0   9985  -58.7  -73.7     13   0.01    255     31  319.0  319.1  319.0
  243.0  10139  -57.5  -72.5     13   0.01    258     23  323.1  323.1  323.1
  238.0  10270  -57.4  -73.3     12   0.01    260     16  325.2  325.2  325.2
  224.0  10653  -57.1  -75.5      8   0.01    230     25  331.3  331.4  331.3
  202.0  11307  -56.5  -79.3      4   0.00    250     23  342.1  342.1  342.1
  201.0  11338  -56.5  -79.5      4   0.00    250     24  342.6  342.7  342.6
  200.0  11370  -56.7  -79.7      4   0.00    250     25  342.8  342.8  342.8
  158.0  12876  -53.9  -82.9      2   0.00    258     33  371.4  371.5  371.4
  150.0  13210  -54.7  -82.7      2   0.00    260     35  375.6  375.6  375.6
  137.0  13787  -55.3  -83.3      2   0.00    255     43  384.5  384.5  384.5
  100.0  15790  -57.3  -85.3      2   0.00    270     29  416.7  416.8  416.7
   97.0  15981  -57.4  -85.4      2   0.00    255     31  420.2  420.2  420.2
   83.0  16960  -57.9  -85.9      2   0.00    275     35  438.2  438.3  438.2
   79.0  17270  -58.1  -86.1      2   0.00    265     39  444.1  444.2  444.1
   70.0  18030  -58.5  -86.5      2   0.00    280     43  458.9  458.9  458.9
   63.2  18673  -58.3  -86.3      2   0.00    273     50  472.9  472.9  472.9
   60.0  18998  -58.8  -86.6      2   0.00    270     54  478.8  478.8  478.8
   50.0  20140  -60.7  -87.7      2   0.00    280     49  500.0  500.0  500.0
   48.0  20391  -61.1  -87.9      2   0.00    280     49  504.9  505.0  504.9
   43.0  21068  -62.2  -88.5      2   0.00    280     68  518.4  518.5  518.4
   41.0  21361  -62.6  -88.8      2   0.00    285     60  524.4  524.4  524.4
   31.1  23060  -65.3  -90.3      2   0.00    285     76  560.3  560.3  560.3
   30.0  23280  -63.9  -89.9      2   0.00    285     78  569.9  569.9  569.9
   25.0  24399  -62.6  -89.2      2   0.01    285     87  604.2  604.2  604.2
   22.2  25128  -61.7  -88.7      2   0.01    285     80  627.6  627.7  627.6
   22.0  25184  -61.8  -88.7      2   0.01    285     80  628.9  629.0  628.9
   20.0  25770  -62.9  -88.9      2   0.01    280     95  642.9  643.0  642.9
   18.0  26417  -63.2  -89.2      2   0.01    285     87  661.7  661.8  661.7
   16.0  27141  -63.5  -89.5      2   0.01    285    103  683.3  683.4  683.3
   13.8  28049  -63.9  -89.9      2   0.01    289     96  711.4  711.5  711.4
   13.0  28419  -61.2  -88.8      1   0.01    290     93  733.0  733.1  733.0
   12.4  28713  -59.1  -87.8      1   0.01    285    111  750.5  750.6  750.5
   12.3  28763  -58.7  -87.7      1   0.01    285    111  753.5  753.6  753.5
   12.0  28918  -58.5  -87.5      1   0.02    285    111  759.6  759.8  759.6
   11.0  29467  -57.6  -86.7      1   0.02    285    101  781.7  782.0  781.7
   10.6  29700  -57.3  -86.3      1   0.02    283    105  791.3  791.6  791.3
   10.4  29820  -57.5  -87.5      1   0.02    282    107  794.9  795.1  794.9
   10.0  30070  -53.9  -84.9      1   0.03    280    111  817.3  817.6  817.3
</PRE><H3>Station information and sounding indices</H3><PRE>
                             Station number: 11520
                           Observation time: 210102/0000
                           Station latitude: 50.01
                          Station longitude: 14.45
                          Station elevation: 304.0
                            Showalter index: 8.54
                               Lifted index: 11.39
    LIFT computed using virtual temperature: 11.44
                                SWEAT index: 50.51
                                    K index: 4.20
                         Cross totals index: 10.00
                      Vertical totals index: 28.00
                        Totals totals index: 38.00
      Convective Available Potential Energy: 0.00
             CAPE using virtual temperature: 0.00
                      Convective Inhibition: 0.00
             CINS using virtual temperature: 0.00
                     Bulk Richardson Number: 0.00
          Bulk Richardson Number using CAPV: 0.00
  Temp [K] of the Lifted Condensation Level: 269.69
Pres [hPa] of the Lifted Condensation Level: 934.47
   Equivalent potential temp [K] of the LCL: 283.86
     Mean mixed layer potential temperature: 274.99
              Mean mixed layer mixing ratio: 3.19
              1000 hPa to 500 hPa thickness: 5311.00
Precipitable water [mm] for entire sounding: 8.59
</PRE>
<H2>11520  Praha-Libus Observations at 06Z 02 Jan 2021</H2>
<PRE>
-----------------------------------------------------------------------------
   PRES   HGHT   TEMP   DWPT   RELH   MIXR   DRCT   SKNT   THTA   THTE   THTV
    hPa     m      C      C      %    g/kg    deg   knot     K      K      K 
-----------------------------------------------------------------------------
 1000.0    117                                                               
  977.0    304   -2.5   -2.8     98   3.20    270      2  272.5  281.3  273.0
  925.0    734   -4.7   -4.7    100   2.93    125      8  274.5  282.7  275.0
  921.0    768   -4.9   -4.9    100   2.90    128      8  274.6  282.8  275.1
  892.0   1021   -2.7   -4.4     88   3.11    151      9  279.4  288.3  279.9
  886.0   1074   -3.3   -9.3     63   2.14    156      9  279.4  285.6  279.7
  873.0   1192   -1.1  -11.1     47   1.89    166      9  282.8  288.4  283.1
  850.0   1405   -0.5  -15.5     31   1.35    185     10  285.6  289.8  285.8
  846.0   1443   -0.3  -21.7     18   0.80    190     10  286.2  288.7  286.3
  845.0   1452   -0.3  -23.3     16   0.70    190     10  286.3  288.5  286.4
  835.0   1547   -0.5  -13.5     37   1.62    194     10  287.1  292.0  287.4
  767.0   2220   -5.7   -8.3     82   2.68    222     10  288.5  296.5  289.0
  748.0   2415   -7.2   -9.2     86   2.56    230     10  289.0  296.7  289.4
  700.0   2930  -11.1  -11.5     97   2.28    190     16  290.2  297.1  290.6
  697.0   2962  -11.4  -11.8     97   2.24    190     16  290.2  297.1  290.6
  660.0   3375  -14.6  -14.9     98   1.83    210     16  291.1  296.8  291.4
  618.0   3872  -18.6  -18.7     99   1.42    210     14  292.1  296.6  292.3
  617.0   3884  -18.7  -18.8     99   1.41    211     14  292.1  296.5  292.3
  577.0   4378  -21.5  -23.7     83   0.98    235     21  294.4  297.6  294.6
  551.0   4718  -23.5  -27.1     72   0.76    235     23  296.0  298.5  296.1
  524.0   5083  -26.1  -29.3     74   0.65    235     25  297.1  299.3  297.3
  500.0   5420  -29.1  -31.4     80   0.56    235     27  297.5  299.4  297.6
  429.0   6494  -38.5  -43.5     59   0.19    232     31  298.8  299.5  298.9
  400.0   6970  -42.9  -45.1     79   0.17    230     33  299.2  299.8  299.2
  379.0   7332  -46.3  -47.0     93   0.15    230     34  299.3  299.9  299.3
  373.0   7438  -47.3  -50.8     67   0.10    230     34  299.4  299.7  299.4
  350.0   7855  -51.4  -56.8     52   0.05    230     35  299.3  299.5  299.3
  343.0   7988  -52.7  -58.7     48   0.04    227     36  299.3  299.4  299.3
  318.0   8473  -57.3  -60.9     63   0.03    216     40  299.4  299.6  299.4
  315.0   8532  -57.7  -61.2     64   0.03    215     41  299.7  299.8  299.7
  300.0   8840  -59.7  -62.6     69   0.03    220     47  301.1  301.2  301.1
  297.0   8903  -59.9  -62.8     69   0.03    223     44  301.7  301.8  301.7
  291.0   9031  -58.9  -66.9     35   0.02    228     38  304.9  304.9  304.9
  279.0   9294  -60.7  -67.8     39   0.01    240     27  305.9  306.0  305.9
  278.0   9316  -60.9  -67.9     39   0.01    240     27  306.0  306.0  306.0
  250.0   9980  -58.9  -73.9     13   0.01    240     33  318.4  318.4  318.4
  208.0  11134  -56.3  -77.0      6   0.01    250     27  339.7  339.7  339.7
  203.0  11287  -55.9  -77.5      5   0.00    245     29  342.6  342.6  342.6
  200.0  11380  -55.7  -77.7      5   0.00    250     31  344.4  344.4  344.4
  194.0  11575  -55.1  -78.1      4   0.00    267     29  348.4  348.4  348.4
  193.0  11608  -55.1  -78.1      4   0.00    270     29  348.9  348.9  348.9
  185.0  11879  -55.1  -78.5      4   0.00    240     31  353.1  353.1  353.1
  171.0  12382  -55.2  -79.2      4   0.00    255     33  361.0  361.0  361.0
  163.0  12688  -55.2  -79.6      3   0.00    235     35  365.9  365.9  365.9
  150.0  13220  -55.3  -80.3      3   0.00    250     37  374.6  374.6  374.6
  143.0  13525  -55.2  -80.5      3   0.00    265     41  379.8  379.9  379.8
  136.0  13845  -55.2  -80.7      3   0.00    270     33  385.4  385.4  385.4
  130.0  14133  -55.1  -80.9      3   0.00    255     33  390.5  390.5  390.5
  124.0  14434  -55.1  -81.1      3   0.00    270     31  395.9  395.9  395.9
  115.0  14912  -55.8  -81.8      3   0.00    250     35  403.2  403.2  403.2
  100.0  15800  -57.1  -83.1      2   0.00    265     31  417.1  417.1  417.1
   96.0  16055  -57.3  -83.4      2   0.00    270     33  421.6  421.6  421.6
   89.0  16529  -57.7  -84.0      2   0.00    260     39  430.1  430.1  430.1
   85.0  16816  -57.9  -84.4      2   0.00    285     35  435.3  435.3  435.3
   80.0  17195  -58.2  -84.8      2   0.00    280     29  442.3  442.3  442.3
   74.0  17683  -58.6  -85.5      2   0.00    285     45  451.4  451.4  451.4
   71.0  17941  -58.8  -85.8      2   0.00    285     39  456.3  456.4  456.3
   70.0  18030  -58.9  -85.9      2   0.00    285     39  458.0  458.1  458.0
   50.0  20130  -60.5  -87.5      2   0.00    280     51  500.5  500.5  500.5
   32.0  22873  -64.2  -89.4      2   0.00    270     70  558.7  558.8  558.7
   30.0  23270  -64.7  -89.7      2   0.00    280     72  567.7  567.7  567.7
   27.3  23844  -64.5  -90.5      2   0.00    280     75  583.8  583.8  583.8
   21.0  25426  -67.9  -91.3      2   0.00    280     84  619.0  619.1  619.0
   20.0  25720  -68.5  -91.5      2   0.00    280     78  625.8  625.8  625.8
   19.0  26027  -69.2  -92.2      2   0.00    285     74  632.8  632.9  632.8
   18.6  26154  -69.5  -92.5      2   0.00    285     78  635.8  635.8  635.8
   17.0  26693  -69.0  -92.4      2   0.00    285     93  653.8  653.9  653.8
   16.0  27056  -68.7  -92.4      2   0.00    285     84  666.2  666.3  666.2
   14.7  27564  -68.3  -92.3      2   0.01    289     94  684.0  684.1  684.0
   13.0  28328  -63.6  -90.2      2   0.01    295    109  724.6  724.7  724.6
   11.0  29367  -57.3  -87.3      1   0.02    290    124  782.9  783.2  783.0
   10.0  29960  -53.7  -85.7      1   0.03    290    128  818.0  818.4  818.0
    9.8  30090  -53.9  -85.9      1   0.03    288    129  822.0  822.3  822.0
    9.0  30642  -49.5  -83.5      1   0.04    280    130  859.1  859.7  859.2
    8.3  31184  -39.5  -79.5      1   0.09    285    128  918.6  919.8  918.6
    7.5  31881  -36.5  -77.5      1   0.13    291    125  957.7  959.6  957.8
    7.0  32372  -33.2  -75.8      1   0.18    295    122  990.3  993.0  990.4
    6.0  33467  -25.9  -72.1      0   0.37    295     89 1066.4 1072.2 1066.7
    5.8  33708  -24.3  -71.3      0   0.44               1083.8 1090.6 1084.1
    5.5  34095  -24.5  -71.5      0   0.45               1099.5 1106.5 1099.8
</PRE><H3>Station information and sounding indices</H3><PRE>
                             Station number: 11520
                           Observation time: 210102/0600
                           Station latitude: 50.01
                          Station longitude: 14.45
                          Station elevation: 304.0
                            Showalter index: 7.28
                               Lifted index: 13.17
    LIFT computed using virtual temperature: 13.22
                                SWEAT index: 46.62
                                    K index: 12.70
                         Cross totals index: 13.60
                      Vertical totals index: 28.60
                        Totals totals index: 42.20
      Convective Available Potential Energy: 0.00
             CAPE using virtual temperature: 0.00
                      Convective Inhibition: 0.00
             CINS using virtual temperature: 0.00
                     Bulk Richardson Number: 0.00
          Bulk Richardson Number using CAPV: 0.00
  Temp [K] of the Lifted Condensation Level: 269.22
Pres [hPa] of the Lifted Condensation Level: 944.86
   Equivalent potential temp [K] of the LCL: 282.08
     Mean mixed layer potential temperature: 273.65
              Mean mixed layer mixing ratio: 3.04
              1000 hPa to 500 hPa thickness: 5303.00
Precipitable water [mm] for entire sounding: 9.83
</PRE>
<H2>11520  Praha-Libus Observations at 12Z 02 Jan 2021</H2>
<PRE>
-----------------------------------------------------------------------------
   PRES   HGHT   TEMP   DWPT   RELH   MIXR   DRCT   SKNT   THTA   THTE   THTV
    hPa     m      C      C      %    g/kg    deg   knot     K      K      K 
-----------------------------------------------------------------------------
 1000.0    121                                                               
  977.0    304   -1.1   -2.2     92   3.34      0      0  273.9  283.1  274.4
  925.0    741   -3.3   -3.3    100   3.25    125     10  275.9  285.1  276.5
  876.0   1169   -6.3   -6.3    100   2.74     96      7  277.1  284.9  277.6
  869.0   1233   -3.1  -15.1     39   1.37     92      7  281.1  285.2  281.3
  866.0   1260   -1.5   -9.5     54   2.16     90      7  283.1  289.4  283.4
  851.0   1400   -0.1  -16.1     29   1.29     81      6  285.9  289.9  286.1
  850.0   1409   -0.1  -15.1     31   1.40     80      6  286.0  290.3  286.3
  844.0   1466    0.0  -14.0     34   1.54     86      6  286.7  291.4  287.0
  788.0   2011   -4.1   -6.7     82   2.95    147      4  288.0  296.8  288.5
  763.0   2265   -5.3  -10.2     69   2.32    175      4  289.4  296.4  289.8
  751.0   2390   -5.9  -11.9     63   2.06    214      9  290.0  296.3  290.4
  749.0   2410   -6.0  -12.0     63   2.05    220     10  290.1  296.4  290.5
  737.0   2536   -6.8  -12.5     64   2.00    230     16  290.6  296.8  291.0
  700.0   2937   -9.3  -14.0     69   1.86    205     23  292.2  297.9  292.5
  689.0   3058  -10.3  -14.7     70   1.79    205     25  292.4  298.0  292.7
  653.0   3469  -13.5  -16.9     76   1.57    215     20  293.3  298.2  293.6
  621.0   3847  -16.0  -22.6     57   1.00    225     16  294.7  297.9  294.9
  606.0   4031  -17.2  -25.4     49   0.80    245     21  295.4  298.0  295.5
  590.0   4232  -18.5  -28.5     41   0.62    241     23  296.1  298.2  296.2
  530.0   5020  -24.7  -32.7     47   0.46    225     29  297.9  299.5  297.9
  528.0   5047  -24.9  -30.9     57   0.55    225     29  297.9  299.8  298.1
  514.0   5242  -26.5  -29.4     76   0.66    228     29  298.3  300.5  298.4
  501.0   5426  -28.3  -34.3     56   0.42    230     29  298.3  299.8  298.4
  500.0   5440  -28.3  -34.3     56   0.42    230     29  298.5  299.9  298.6
  491.0   5570  -29.5  -32.0     79   0.54    230     30  298.6  300.4  298.7
  480.0   5732  -30.3  -37.3     50   0.32    230     30  299.5  300.7  299.6
  459.0   6049  -33.3  -42.3     40   0.20    230     31  299.6  300.4  299.6
  452.0   6157  -34.3  -40.3     54   0.25    230     32  299.7  300.6  299.7
  413.0   6782  -39.9  -47.9     42   0.12    230     34  300.3  300.8  300.3
  400.0   7000  -41.9  -46.0     64   0.16    230     35  300.4  301.0  300.5
  395.0   7085  -42.7  -46.3     68   0.15    230     36  300.5  301.1  300.5
  324.0   8384  -55.1  -59.2     60   0.04    225     44  300.9  301.0  300.9
  319.0   8483  -55.9  -61.4     50   0.03    225     45  301.1  301.2  301.1
  314.0   8583  -56.7  -63.7     41   0.02    226     43  301.4  301.5  301.4
  300.0   8870  -58.9  -63.9     52   0.02    230     39  302.2  302.3  302.2
  291.0   9061  -60.2  -65.0     53   0.02    225     33  303.0  303.1  303.0
  277.0   9369  -62.3  -66.7     55   0.02    225     41  304.3  304.4  304.3
  269.0   9552  -61.3  -69.2     34   0.01    230     49  308.3  308.4  308.3
  260.0   9764  -60.1  -72.1     19   0.01    240     45  313.1  313.1  313.1
  255.0   9886  -60.5  -72.0     21   0.01    245     43  314.2  314.3  314.2
  250.0  10010  -60.9  -71.9     22   0.01    240     39  315.4  315.4  315.4
  218.0  10869  -56.8  -77.7      6   0.00    240     27  334.3  334.3  334.3
  203.0  11315  -54.7  -80.7      3   0.00    228     30  344.5  344.5  344.5
  200.0  11410  -55.1  -81.1      3   0.00    225     31  345.4  345.4  345.4
  197.0  11506  -55.3  -81.3      3   0.00    225     31  346.5  346.6  346.5
  169.0  12482  -57.3  -83.3      2   0.00    237     40  358.7  358.7  358.7
  162.0  12751  -56.6  -83.3      2   0.00    240     43  364.3  364.3  364.3
  150.0  13240  -55.3  -83.3      2   0.00    255     35  374.6  374.6  374.6
  140.0  13680  -54.3  -83.3      2   0.00    255     34  383.8  383.8  383.8
  123.0  14503  -55.0  -84.0      2   0.00    255     31  397.0  397.0  397.0
  116.0  14876  -55.3  -84.3      2   0.00    270     31  403.1  403.1  403.1
  100.0  15820  -56.1  -85.1      1   0.00    250     33  419.1  419.1  419.1
   95.0  16144  -56.7  -85.4      2   0.00    280     35  424.1  424.1  424.1
   92.0  16346  -57.0  -85.6      2   0.00    285     29  427.3  427.3  427.3
   90.0  16485  -57.3  -85.7      2   0.00    275     25  429.5  429.5  429.5
   89.0  16555  -57.4  -85.8      2   0.00    260     31  430.6  430.7  430.6
   86.0  16771  -57.8  -86.0      2   0.00    260     39  434.1  434.1  434.1
   76.0  17551  -59.2  -86.6      2   0.00    270     31  446.8  446.8  446.8
   70.0  18070  -60.1  -87.1      2   0.00    280     37  455.5  455.5  455.5
   64.0  18624  -60.6  -87.3      2   0.00    265     43  466.2  466.2  466.2
   55.0  19561  -61.4  -87.7      2   0.00    280     39  485.0  485.0  485.0
   50.0  20150  -61.9  -87.9      2   0.00    270     47  497.2  497.2  497.2
   47.0  20531  -62.4  -88.4      2   0.00    265     47  504.9  505.0  504.9
   45.0  20799  -62.7  -88.7      2   0.00    280     52  510.5  510.5  510.5
   39.3  21633  -63.7  -89.7      2   0.00    282     58  528.1  528.1  528.1
   37.4  21937  -62.7  -88.7      2   0.00    283     60  538.1  538.2  538.1
   31.5  22985  -66.7  -90.7      2   0.00    285     66  554.5  554.5  554.5
   30.0  23280  -66.7  -90.7      2   0.00    285     64  562.2  562.3  562.2
   21.0  25426  -69.3  -91.6      3   0.00    275     85  614.6  614.6  614.6
   20.0  25720  -69.7  -91.7      3   0.00    275     82  622.1  622.2  622.1
   18.9  26056  -70.5  -92.5      3   0.00    278     83  629.8  629.8  629.8
   13.3  28161  -66.9  -91.9      2   0.01    294     91  708.7  708.7  708.7
   13.0  28301  -65.8  -91.6      2   0.01    295     91  717.1  717.2  717.1
   12.0  28791  -61.9  -90.3      1   0.01    280     95  747.4  747.5  747.4
   11.8  28894  -61.1  -90.1      1   0.01    283     96  753.9  754.0  753.9
   11.0  29332  -60.0  -89.0      1   0.01    295    101  773.2  773.4  773.2
   10.4  29682  -59.1  -88.1      1   0.02    292    100  789.0  789.2  789.0
   10.0  29930  -56.3  -87.3      1   0.02    290     99  808.3  808.6  808.3
    9.0  30631  -50.0  -84.3      1   0.04    290    126  857.4  857.9  857.4
    8.0  31414  -42.9  -81.0      1   0.07    290     97  914.9  915.8  914.9
    7.1  32207  -35.7  -77.7      1   0.14    294    111  976.1  978.1  976.2
    7.0  32307  -35.1  -77.4      1   0.14    295    113  982.4  984.5  982.5
    6.0  33394  -28.9  -73.9      0   0.29               1053.5 1057.9 1053.7
</PRE><H3>Station information and sounding indices</H3><PRE>
                             Station number: 11520
                           Observation time: 210102/1200
                           Station latitude: 50.01
                          Station longitude: 14.45
                          Station elevation: 304.0
                            Showalter index: 7.66
                               Lifted index: 12.35
    LIFT computed using virtual temperature: 12.38
                                SWEAT index: 40.79
                                    K index: 8.40
                         Cross totals index: 13.20
                      Vertical totals index: 28.20
                        Totals totals index: 41.40
      Convective Available Potential Energy: 0.00
             CAPE using virtual temperature: 0.00
                      Convective Inhibition: 0.00
             CINS using virtual temperature: 0.00
                     Bulk Richardson Number: 0.00
          Bulk Richardson Number using CAPV: 0.00
  Temp [K] of the Lifted Condensation Level: 270.20
Pres [hPa] of the Lifted Condensation Level: 940.18
   Equivalent potential temp [K] of the LCL: 284.17
     Mean mixed layer potential temperature: 275.04
              Mean mixed layer mixing ratio: 3.29
              1000 hPa to 500 hPa thickness: 5319.00
Precipitable water [mm] for entire sounding: 9.42
</PRE>
<P>Description of the 
<A HREF="/upperair/columns.html">data columns</A>
or <A HREF="/upperair/indices.html">sounding indices</A>.

<P>
<FORM>
<INPUT CLASS="button" TYPE="button" VALUE=" Close this window " 
 onClick="window.close();">
<INPUT CLASS="button" TYPE="button" VALUE=" Select another map " 
 onClick="window.blur();">
</FORM>
<HR SIZE="1">
<I>Interested in graduate studies in atmospheric science?
Check out our program at the
<a href="http://www.uwyo.edu/atsc/howtoapply/"
target=_top>University of Wyoming
</a></I>
<HR SIZE="1"><FONT SIZE="-1">
Questions about the weather data provided by this site can be
addressed to <A HREF="mailto:ldoolman@uwyo.edu">
Larry Oolman (ldoolman@uwyo.edu)</A></FONT>
<HR SIZE="1">
<SCRIPT TYPE="text/javascript">
<!--
window.focus();
// -->
</SCRIPT>
</BODY>
</HTML>
