<HTML>
<TITLE>University of Wyoming - Radiosonde Data</TITLE>
<BODY BGCOLOR="white">
<H2>11520  Praha-Libus Observations at 00Z 01 Jan 2021</H2>
<PRE>
-----------------------------------------------------------------------------
   PRES   HGHT   TEMP   DWPT   RELH   MIXR   DRCT   SKNT   THTA   THTE   THTV
    hPa     m      C      C      %    g/kg    deg   knot     K      K      K 
-----------------------------------------------------------------------------
 1000.0     61                                                               
  970.0    304   -1.9   -4.1     85   2.92    135      4  273.6  281.8  274.1
  966.0    337   -0.1   -3.6     77   3.05    155      5  275.8  284.3  276.3
  955.0    430   -0.2   -3.7     78   3.07    210     10  276.5  285.2  277.1
  949.0    481   -0.3   -3.7     78   3.08    209     12  277.0  285.7  277.5
  932.0    627    1.4   -4.9     63   2.86    205     19  280.1  288.4  280.6
  928.0    662    1.8   -5.2     60   2.81    208     18  280.9  289.0  281.4
  925.0    688    1.6   -5.4     60   2.78    210     17  280.9  289.0  281.4
  923.0    705    1.6   -5.4     60   2.78    212     17  281.1  289.2  281.6
  903.0    881    0.6   -7.5     55   2.42    230     10  281.8  288.9  282.2
  863.0   1243   -1.6  -11.8     45   1.80    195      6  283.2  288.6  283.6
  850.0   1364   -2.3  -13.3     43   1.62    220      6  283.7  288.6  284.0
  823.0   1620   -3.5  -19.5     28   1.00    216      9  285.1  288.2  285.3
  819.0   1658   -3.5  -16.5     36   1.29    216      9  285.5  289.5  285.7
  814.0   1706   -3.9   -6.1     85   2.99    215     10  285.6  294.3  286.1
  777.0   2072   -6.5   -8.0     89   2.71    220     12  286.6  294.6  287.1
  754.0   2306   -7.7  -12.7     67   1.92    223     14  287.8  293.6  288.1
  738.0   2473   -8.7  -12.6     73   1.98    225     15  288.4  294.4  288.8
  701.0   2869  -12.0  -13.2     91   1.99    230     17  289.0  295.1  289.4
  700.0   2880  -12.1  -13.2     92   1.99    230     17  289.1  295.1  289.4
  692.0   2968  -12.7  -13.3     95   1.99    226     17  289.3  295.4  289.7
  668.0   3231  -14.6  -16.1     88   1.64    215     17  290.1  295.2  290.4
  642.0   3527  -16.7  -19.2     81   1.31    230     21  291.0  295.1  291.2
  574.0   4362  -22.8  -28.1     62   0.67    235     19  293.4  295.6  293.5
  558.0   4572  -24.3  -30.3     58   0.55    247     18  294.0  295.9  294.1
  540.0   4808  -26.4  -31.9     60   0.49    260     16  294.2  295.9  294.3
  529.0   4955  -27.8  -32.9     62   0.46    255     16  294.3  295.9  294.4
  500.0   5360  -31.5  -35.6     67   0.37    250     17  294.6  295.9  294.6
  496.0   5417  -32.0  -35.9     68   0.36    245     17  294.7  295.9  294.8
  488.0   5532  -32.9  -36.5     70   0.35    248     18  294.9  296.1  295.0
  470.0   5794  -35.1  -39.2     66   0.27    255     19  295.4  296.4  295.4
  459.0   5959  -36.4  -41.0     63   0.23    245     19  295.7  296.5  295.8
  449.0   6113  -37.7  -42.6     60   0.20    246     20  296.0  296.7  296.0
  446.0   6159  -38.1  -44.1     53   0.17    246     20  296.0  296.7  296.1
  415.0   6651  -41.9  -45.7     66   0.15    249     21  297.3  297.9  297.3
  403.0   6850  -43.3  -48.0     60   0.12    250     21  297.9  298.4  298.0
  400.0   6900  -43.7  -48.6     58   0.12    250     21  298.1  298.6  298.1
  395.0   6984  -44.3  -51.3     46   0.09    244     20  298.4  298.7  298.4
  389.0   7087  -45.1  -48.8     66   0.12    236     18  298.7  299.1  298.7
  388.0   7104  -45.2  -49.3     64   0.11    235     17  298.7  299.1  298.7
  382.0   7207  -46.1  -52.1     51   0.08    235     17  298.9  299.2  298.9
  375.0   7330  -47.1  -50.4     69   0.10    234     17  299.2  299.5  299.2
  371.0   7401  -47.7  -54.7     44   0.06    234     17  299.3  299.5  299.3
  361.0   7580  -49.3  -52.0     73   0.09    233     17  299.5  299.8  299.5
  322.0   8320  -54.9  -57.1     76   0.05    230     17  301.7  301.9  301.7
  320.0   8359  -55.1  -57.8     72   0.05    230     17  302.0  302.1  302.0
  316.0   8440  -55.5  -59.1     64   0.04    228     19  302.5  302.6  302.5
  310.0   8562  -55.5  -65.5     28   0.02    225     20  304.1  304.2  304.1
  300.0   8770  -56.3  -65.3     31   0.02    220     23  305.9  306.0  305.9
  299.0   8791  -56.3  -65.3     31   0.02    220     23  306.2  306.3  306.2
  275.0   9324  -55.5  -70.1     15   0.01    205     21  314.8  314.9  314.8
  266.0   9535  -55.1  -72.0     11   0.01    220     23  318.3  318.3  318.3
  250.0   9930  -54.5  -75.5      6   0.01    205     21  324.9  324.9  324.9
  249.0   9956  -54.5  -75.6      6   0.01    205     23  325.3  325.3  325.3
  233.0  10381  -54.3  -76.7      5   0.00    235     27  331.8  331.8  331.8
  220.0  10749  -54.2  -77.6      4   0.00    255     23  337.5  337.5  337.5
  214.0  10927  -54.1  -78.1      4   0.00    248     22  340.3  340.3  340.3
  204.0  11233  -54.5  -79.2      3   0.00    235     19  344.3  344.3  344.3
  200.0  11360  -54.7  -79.7      3   0.00    235     21  346.0  346.0  346.0
  193.0  11587  -55.0  -80.2      3   0.00    230     31  349.1  349.1  349.1
  187.0  11788  -55.2  -80.6      3   0.00    245     35  351.9  352.0  351.9
  179.0  12066  -55.5  -81.2      3   0.00    255     31  355.9  355.9  355.9
  169.0  12431  -55.9  -82.0      2   0.00    240     35  361.1  361.1  361.1
  160.0  12779  -56.2  -82.8      2   0.00    260     33  366.1  366.2  366.1
  150.0  13190  -56.7  -83.7      2   0.00    245     39  372.2  372.2  372.2
  122.0  14505  -57.6  -84.6      2   0.00    255     45  393.1  393.2  393.1
  100.0  15770  -58.5  -85.5      2   0.00    260     35  414.4  414.4  414.4
</PRE><H3>Station information and sounding indices</H3><PRE>
                             Station number: 11520
                           Observation time: 210101/0000
                           Station latitude: 50.01
                          Station longitude: 14.45
                          Station elevation: 304.0
                            Showalter index: 5.75
                               Lifted index: 7.13
    LIFT computed using virtual temperature: 7.14
                                SWEAT index: 29.14
                                    K index: 14.80
                         Cross totals index: 18.20
                      Vertical totals index: 29.20
                        Totals totals index: 47.40
      Convective Available Potential Energy: 0.00
             CAPE using virtual temperature: 0.00
                      Convective Inhibition: 0.00
             CINS using virtual temperature: 0.00
                     Bulk Richardson Number: 0.00
          Bulk Richardson Number using CAPV: 0.00
  Temp [K] of the Lifted Condensation Level: 267.54
Pres [hPa] of the Lifted Condensation Level: 868.97
   Equivalent potential temp [K] of the LCL: 286.80
     Mean mixed layer potential temperature: 278.52
              Mean mixed layer mixing ratio: 2.92
              1000 hPa to 500 hPa thickness: 5299.00
Precipitable water [mm] for entire sounding: 8.62
</PRE>
<H2>11520  Praha-Libus Observations at 06Z 01 Jan 2021</H2>
<PRE>
-----------------------------------------------------------------------------
   PRES   HGHT   TEMP   DWPT   RELH   MIXR   DRCT   SKNT   THTA   THTE   THTV
    hPa     m      C      C      %    g/kg    deg   knot     K      K      K 
-----------------------------------------------------------------------------
 1000.0     63                                                               
  970.0    304   -1.3   -3.3     86   3.10    165      8  274.2  282.9  274.7
  965.0    346   -1.3   -3.2     87   3.14    176      9  274.6  283.4  275.1
  959.0    396   -0.5   -4.0     77   2.98    190     10  275.9  284.3  276.4
  943.0    533    1.7   -6.1     56   2.58    185     10  279.5  286.9  279.9
  935.0    602    2.8   -7.2     48   2.39    189      8  281.3  288.3  281.7
  925.0    690    2.2   -6.8     51   2.49    195      6  281.6  288.8  282.0
  850.0   1367   -2.7   -7.4     70   2.59    240     14  283.3  290.9  283.8
  826.0   1593   -4.5   -6.4     87   2.89    255     19  283.7  292.2  284.2
  813.0   1718   -5.5   -5.8     98   3.06    249     19  284.0  292.9  284.5
  802.0   1825   -5.9   -9.5     76   2.33    244     19  284.6  291.6  285.0
  781.0   2031   -7.2   -9.5     84   2.39    235     19  285.4  292.5  285.8
  754.0   2305   -8.9   -9.5     96   2.48    250     19  286.4  293.8  286.9
  745.0   2399   -9.5   -9.5    100   2.51    249     19  286.8  294.3  287.2
  709.0   2780  -11.1  -14.4     77   1.78    246     18  289.1  294.6  289.4
  700.0   2878  -11.9  -15.3     76   1.67    245     17  289.3  294.4  289.6
  647.0   3469  -16.7  -18.6     85   1.37    220     19  290.4  294.7  290.6
  587.0   4199  -22.7  -22.7    100   1.06    228     24  291.6  295.0  291.8
  576.0   4337  -23.4  -27.2     71   0.72    230     25  292.3  294.7  292.5
  553.0   4635  -25.1  -36.8     33   0.30    250     25  293.9  294.9  293.9
  544.0   4755  -25.7  -40.7     23   0.20    248     25  294.5  295.2  294.5
  536.0   4862  -26.5  -39.5     28   0.23    245     25  294.8  295.6  294.8
  500.0   5360  -30.9  -38.9     45   0.26    235     25  295.3  296.2  295.4
  497.0   5402  -31.3  -39.1     46   0.26    235     25  295.4  296.3  295.4
  410.0   6734  -42.9  -45.2     78   0.17    257     25  297.1  297.6  297.1
  409.0   6750  -42.9  -45.3     77   0.16    257     25  297.3  297.9  297.3
  400.0   6900  -43.9  -49.9     51   0.10    260     25  297.9  298.2  297.9
  397.0   6950  -44.3  -52.3     41   0.08    260     27  298.0  298.3  298.0
  388.0   7103  -45.6  -52.8     44   0.07    255     25  298.2  298.5  298.2
  374.0   7347  -47.7  -53.7     50   0.07    257     28  298.6  298.9  298.6
  345.0   7874  -51.7  -60.7     33   0.03    262     34  300.1  300.3  300.1
  307.0   8623  -55.1  -67.1     21   0.01    269     43  305.6  305.6  305.6
  300.0   8770  -55.9  -64.9     31   0.02    270     45  306.4  306.5  306.4
  296.0   8855  -56.4  -64.9     33   0.02    270     45  306.9  307.0  306.9
  282.0   9160  -58.1  -65.1     40   0.02    270     38  308.8  308.8  308.8
  275.0   9318  -58.5  -64.5     46   0.02    270     35  310.4  310.5  310.4
  273.0   9364  -58.4  -67.6     30   0.02    270     33  311.2  311.2  311.2
  270.0   9433  -58.3  -72.3     15   0.01    267     32  312.3  312.4  312.3
  250.0   9920  -54.7  -71.7     10   0.01    245     23  324.6  324.7  324.6
  248.0   9972  -54.6  -72.1     10   0.01    240     23  325.5  325.6  325.5
  238.0  10236  -54.1  -74.1      7   0.01    247     19  330.1  330.1  330.1
  233.0  10372  -54.4  -74.8      6   0.01    250     17  331.7  331.7  331.7
  229.0  10483  -54.6  -75.3      6   0.01    245     12  333.0  333.0  333.0
  214.0  10917  -55.6  -77.4      5   0.00    235     21  338.0  338.0  338.0
  200.0  11350  -56.5  -79.5      4   0.00    250     31  343.1  343.1  343.1
  199.0  11382  -56.5  -79.5      4   0.00    253     32  343.6  343.6  343.6
  197.0  11446  -56.1  -79.6      4   0.00    260     33  345.2  345.2  345.2
  183.0  11918  -53.5  -80.7      2   0.00    235     29  356.8  356.9  356.8
  180.0  12023  -52.9  -80.9      2   0.00    241     30  359.5  359.5  359.5
  175.0  12204  -53.4  -81.2      2   0.00    250     31  361.6  361.6  361.6
  165.0  12580  -54.4  -81.9      2   0.00    240     27  366.0  366.0  366.0
  155.0  12981  -55.5  -82.7      2   0.00    265     35  370.7  370.7  370.7
  152.0  13106  -55.9  -82.9      2   0.00    265     35  372.1  372.2  372.1
  150.0  13190  -55.3  -83.3      2   0.00    265     35  374.6  374.6  374.6
  141.0  13586  -53.5  -82.5      2   0.00    245     39  384.4  384.4  384.4
  133.0  13957  -55.0  -83.3      2   0.00    260     37  388.3  388.3  388.3
  119.0  14664  -57.7  -84.7      2   0.00    255     33  395.8  395.8  395.8
  117.0  14771  -57.7  -84.7      2   0.00    255     35  397.7  397.7  397.7
  109.0  15217  -57.7  -84.7      2   0.00    270     35  405.9  405.9  405.9
  100.0  15760  -57.7  -84.7      2   0.00    260     43  416.0  416.0  416.0
   95.0  16081  -58.3  -85.0      2   0.00    255     39  420.9  420.9  420.9
   70.0  17990  -62.1  -87.1      2   0.00    265     43  451.2  451.2  451.2
   52.3  19775  -64.3  -88.3      2   0.00    278     61  485.3  485.3  485.3
   50.0  20050  -62.7  -88.7      2   0.00    280     64  495.3  495.3  495.3
   41.5  21198  -61.7  -87.7      2   0.00    282     68  524.9  524.9  524.9
   33.0  22612  -62.1  -88.1      2   0.01    285     72  559.3  559.3  559.3
   30.0  23200  -62.3  -88.3      2   0.01    280     82  574.2  574.3  574.2
   28.0  23625  -62.9  -88.6      2   0.01    275     91  583.9  583.9  583.9
   27.0  23849  -63.3  -88.8      2   0.01    275     85  589.0  589.1  589.0
   24.2  24523  -64.3  -89.3      2   0.01    277     92  604.8  604.8  604.8
   20.0  25700  -60.9  -87.9      2   0.01    280    103  649.0  649.1  649.0
   17.0  26727  -59.0  -86.8      2   0.01    280    115  685.9  686.0  685.9
   15.0  27517  -57.6  -86.0      2   0.02    275    103  715.6  715.8  715.6
   12.0  28926  -55.0  -84.5      1   0.03    270    120  771.8  772.1  771.8
   11.0  29476  -54.0  -83.9      1   0.03    275    113  794.9  795.3  794.9
   10.7  29651  -53.7  -83.7      1   0.03    274    117  802.4  802.8  802.4
   10.1  30025  -49.5  -82.5      1   0.04    271    127  831.3  831.9  831.3
   10.0  30090  -49.3  -82.3      1   0.05    270    128  834.4  835.0  834.5
    9.0  30786  -46.8  -81.2      1   0.06    265    126  869.6  870.4  869.6
    8.6  31086  -45.7  -80.7      1   0.07    269    130  885.2  886.1  885.2
    8.3  31322  -46.3  -80.3      1   0.08    272    133  891.8  892.9  891.9
    8.0  31572  -44.4  -79.5      1   0.09    275    136  908.9  910.1  909.0
    7.0  32479  -37.4  -76.5      1   0.16    280    142  973.0  975.4  973.1
    6.8  32676  -35.9  -75.9      1   0.19    280    137  987.4  990.1  987.5
    6.1  33445  -26.9  -71.9      1   0.38    280    119 1057.2 1062.9 1057.4
    6.0                                       280    117                     
</PRE><H3>Station information and sounding indices</H3><PRE>
                             Station number: 11520
                           Observation time: 210101/0600
                           Station latitude: 50.01
                          Station longitude: 14.45
                          Station elevation: 304.0
                            Showalter index: 4.64
                               Lifted index: 7.79
    LIFT computed using virtual temperature: 7.79
                                SWEAT index: 106.45
                                    K index: 17.40
                         Cross totals index: 23.50
                      Vertical totals index: 28.20
                        Totals totals index: 51.70
      Convective Available Potential Energy: 0.00
             CAPE using virtual temperature: 0.00
                      Convective Inhibition: 0.00
             CINS using virtual temperature: 0.00
                     Bulk Richardson Number: 0.00
          Bulk Richardson Number using CAPV: 0.00
  Temp [K] of the Lifted Condensation Level: 266.04
Pres [hPa] of the Lifted Condensation Level: 846.01
   Equivalent potential temp [K] of the LCL: 286.72
     Mean mixed layer potential temperature: 279.09
              Mean mixed layer mixing ratio: 2.68
              1000 hPa to 500 hPa thickness: 5297.00
Precipitable water [mm] for entire sounding: 9.11
</PRE>
<P>Description of the 
<A HREF="/upperair/columns.html">data columns</A>
or <A HREF="/upperair/indices.html">sounding indices</A>.

<P>
<FORM>
<INPUT CLASS="button" TYPE="button" VALUE=" Close this window " 
 onClick="window.close();">
<INPUT CLASS="button" TYPE="button" VALUE=" Select another map " 
 onClick="window.blur();">
</FORM>
<HR SIZE="1">
<I>Interested in graduate studies in atmospheric science?
Check out our program at the
<a href="http://www.uwyo.edu/atsc/howtoapply/"
target=_top>University of Wyoming
</a></I>
<HR SIZE="1"><FONT SIZE="-1">
Questions about the weather data provided by this site can be
addressed to <A HREF="mailto:ldoolman@uwyo.edu">
Larry Oolman (ldoolman@uwyo.edu)</A></FONT>
<HR SIZE="1">
<SCRIPT TYPE="text/javascript">
<!--
window.focus();
// -->
</SCRIPT>
</BODY>
</HTML>
